1 0 0 0 
0 1 0 0 
0 0 1 0 
0 0 -3.55 1 
1.29904 0 0 0 
0 1.73205 0 0 
0 0 -1.0002 -1 
0 0 -0.020002 0 
800 600
642
0 0 1
0.894427 0 0.447214
0.276393 0.850651 0.447214
-0.723607 0.525731 0.447214
-0.723607 -0.525731 0.447214
0.276393 -0.850651 0.447214
0.723607 0.525731 -0.447214
0.723607 -0.525731 -0.447214
-0.276393 0.850651 -0.447214
-0.894427 0 -0.447214
-0.276393 -0.850651 -0.447214
0 0 -1
0.525731 0 0.850651
0.688191 0.5 0.525731
0.16246 0.5 0.850651
-0.262866 0.809017 0.525731
-0.425325 0.309017 0.850651
-0.850651 0 0.525731
-0.425325 -0.309017 0.850651
-0.262866 -0.809017 0.525731
0.16246 -0.5 0.850651
0.688191 -0.5 0.525731
0.587785 -0.809017 -2.61678e-10
0.951057 -0.309017 4.48188e-08
0.850651 0 -0.525731
0.951057 0.309017 4.48188e-08
0.587785 0.809017 -2.61678e-10
0.262866 0.809017 -0.525731
0 1 0
-0.587785 0.809017 2.61678e-10
-0.688191 0.5 -0.525731
-0.951057 0.309017 -4.48188e-08
-0.951057 -0.309017 -4.48188e-08
-0.688191 -0.5 -0.525731
-0.587785 -0.809017 2.61678e-10
0 -1 0
0.262866 -0.809017 -0.525731
0.425325 -0.309017 -0.850651
0.425325 0.309017 -0.850651
-0.16246 0.5 -0.850651
-0.16246 -0.5 -0.850651
-0.525731 0 -0.850651
0.273267 0 0.961938
0.822619 0.259892 0.505721
0.228109 0.702046 0.674609
0.00703146 0.862668 0.505721
-0.597196 0.433889 0.674609
-0.818274 0.273267 0.505721
-0.597196 -0.433889 0.674609
-0.512752 -0.69378 0.505721
0.228109 -0.702046 0.674609
0.501375 -0.702046 0.505721
0.449186 -0.862668 0.232454
0.870463 -0.433889 -0.232454
0.818274 -0.273267 -0.505721
0.870463 0.433889 -0.232454
0.68164 0.69378 -0.232454
0.512752 0.69378 -0.505721
-0.143665 0.961938 -0.232454
-0.449186 0.862668 -0.232454
-0.501375 0.702046 -0.505721
-0.959253 0.160622 -0.232454
-0.959253 -0.160622 -0.232454
-0.822619 -0.259892 -0.505721
-0.449186 -0.862668 -0.232454
-0.143665 -0.961938 -0.232454
-0.00703146 -0.862668 -0.505721
0.597196 -0.433889 -0.674609
0.221077 0.160622 -0.961938
-0.084444 0.259892 -0.961938
-0.228109 -0.702046 -0.674609
-0.273267 0 -0.961938
0.738175 0 0.674609
0.501375 0.702046 0.505721
0.084444 0.259892 0.961938
-0.512752 0.69378 0.505721
-0.221077 0.160622 0.961938
-0.818274 -0.273267 0.505721
-0.221077 -0.160622 0.961938
0.00703146 -0.862668 0.505721
0.084444 -0.259892 0.961938
0.822619 -0.259892 0.505721
0.68164 -0.69378 -0.232454
0.959253 -0.160622 0.232454
0.818274 0.273267 -0.505721
0.959253 0.160622 0.232454
0.449186 0.862668 0.232454
-0.00703146 0.862668 -0.505721
0.143665 0.961938 0.232454
-0.68164 0.69378 0.232454
-0.822619 0.259892 -0.505721
-0.870463 0.433889 0.232454
-0.870463 -0.433889 0.232454
-0.501375 -0.702046 -0.505721
-0.68164 -0.69378 0.232454
0.143665 -0.961938 0.232454
0.512752 -0.69378 -0.505721
0.221077 -0.160622 -0.961938
0.597196 0.433889 -0.674609
-0.228109 0.702046 -0.674609
-0.084444 -0.259892 -0.961938
-0.738175 0 -0.674609
0.447214 0.525731 0.723607
0.361803 0.262866 0.894427
0.638197 0.262866 0.723607
-0.361803 0.587785 0.723607
-0.138197 0.425325 0.894427
-0.0527864 0.688191 0.723607
-0.67082 -0.16246 0.723607
-0.447214 0 0.894427
-0.67082 0.16246 0.723607
-0.0527864 -0.688191 0.723607
-0.138197 -0.425325 0.894427
-0.361803 -0.587785 0.723607
0.638197 -0.262866 0.723607
0.361803 -0.262866 0.894427
0.447214 -0.525731 0.723607
0.809017 -0.587785 2.34251e-08
0.861803 -0.425325 0.276393
0.67082 -0.688191 0.276393
0.947214 0.16246 -0.276393
1 0 4.71253e-08
0.947214 -0.16246 -0.276393
0.67082 0.688191 0.276393
0.861803 0.425325 0.276393
0.809017 0.587785 2.34251e-08
0.138197 0.951057 -0.276393
0.309017 0.951057 -1.37573e-10
0.447214 0.850651 -0.276393
-0.447214 0.850651 0.276393
-0.138197 0.951057 0.276393
-0.309017 0.951057 1.37573e-10
-0.861803 0.425325 -0.276393
-0.809017 0.587785 -2.34251e-08
-0.67082 0.688191 -0.276393
-0.947214 -0.16246 0.276393
-0.947214 0.16246 0.276393
-1 0 -4.71253e-08
-0.67082 -0.688191 -0.276393
-0.809017 -0.587785 -2.34251e-08
-0.861803 -0.425325 -0.276393
-0.138197 -0.951057 0.276393
-0.447214 -0.850651 0.276393
-0.309017 -0.951057 1.37573e-10
0.447214 -0.850651 -0.276393
0.309017 -0.951057 -1.37573e-10
0.138197 -0.951057 -0.276393
0.447214 0 -0.894427
0.67082 0.16246 -0.723607
0.67082 -0.16246 -0.723607
0.0527864 0.688191 -0.723607
0.361803 0.587785 -0.723607
0.138197 0.425325 -0.894427
0.138197 -0.425325 -0.894427
0.361803 -0.587785 -0.723607
0.0527864 -0.688191 -0.723607
-0.638197 0.262866 -0.723607
-0.447214 0.525731 -0.723607
-0.361803 0.262866 -0.894427
-0.447214 -0.525731 -0.723607
-0.638197 -0.262866 -0.723607
-0.361803 -0.262866 -0.894427
0.137952 0 0.990439
0.866811 0.1312 0.481067
0.254686 0.783843 0.566326
0.14308 0.864929 0.481067
-0.666777 0.484442 0.566326
-0.778382 0.403355 0.481067
-0.666777 -0.484442 0.566326
-0.624147 -0.615642 0.481067
0.254686 -0.783843 0.566326
0.392638 -0.783843 0.481067
0.366292 -0.864929 0.343115
0.804729 -0.484442 -0.343115
0.778382 -0.403355 -0.481067
0.804729 0.484442 -0.343115
0.709406 0.615642 -0.343115
0.624147 0.615642 -0.481067
-0.212056 0.915043 -0.343115
-0.366292 0.864929 -0.343115
-0.392638 0.783843 -0.481067
-0.935787 0.0810863 -0.343115
-0.935787 -0.0810863 -0.343115
-0.866811 -0.1312 -0.481067
-0.366292 -0.864929 -0.343115
-0.212056 -0.915043 -0.343115
-0.14308 -0.864929 -0.481067
0.666777 -0.484442 -0.566326
0.111606 0.0810863 -0.990439
-0.0426296 0.1312 -0.990439
-0.254686 -0.783843 -0.566326
-0.137952 0 -0.990439
0.638054 0 0.769992
0.600525 0.606825 0.520705
0.124644 0.383614 0.915043
-0.391553 0.758652 0.520705
-0.326321 0.237086 0.915043
-0.842518 -0.137952 0.520705
-0.326321 -0.237086 0.915043
-0.129152 -0.843911 0.520705
0.124644 -0.383614 0.915043
0.762697 -0.383614 0.520705
0.64084 -0.758652 -0.117349
0.964375 -0.237086 0.117349
0.842518 0.137952 -0.520705
0.964375 0.237086 0.117349
0.523491 0.843911 0.117349
0.129152 0.843911 -0.520705
0.0725258 0.990439 0.117349
-0.64084 0.758652 0.117349
-0.762697 0.383614 -0.520705
-0.919552 0.375039 0.117349
-0.919552 -0.375039 0.117349
-0.600525 -0.606825 -0.520705
-0.64084 -0.758652 0.117349
0.0725258 -0.990439 0.117349
0.391553 -0.758652 -0.520705
0.326321 -0.237086 -0.915043
0.516196 0.375039 -0.769992
-0.197169 0.606825 -0.769992
-0.124644 -0.383614 -0.915043
-0.638054 0 -0.769992
0.308637 0.519258 0.79694
0.449299 0.133071 0.883415
0.671461 0.386187 0.632456
-0.39847 0.453991 0.79694
0.0122828 0.46843 0.883415
-0.159793 0.757935 0.632456
-0.554905 -0.238677 0.79694
-0.441708 0.156434 0.883415
-0.770218 0.0822425 0.632456
0.0555203 -0.601501 0.79694
-0.285273 -0.371748 0.883415
-0.316228 -0.707107 0.632456
0.589218 -0.133071 0.79694
0.265399 -0.386187 0.883415
0.574779 -0.519258 0.632456
0.891007 -0.453991 3.45473e-08
0.784658 -0.46843 0.406061
0.637147 -0.757935 0.139919
0.960966 0.238677 -0.139919
0.987688 -0.156434 4.65451e-08
0.910138 -0.0822425 -0.406061
0.687976 0.601501 0.406061
0.917729 0.371748 0.139919
0.707107 0.707107 1.17261e-08
0.0699596 0.987688 -0.139919
0.45399 0.891007 -2.02114e-10
0.359465 0.840178 -0.406061
-0.359465 0.840178 0.406061
-0.0699596 0.987688 0.139919
-0.45399 0.891007 2.02114e-10
-0.917729 0.371748 -0.139919
-0.707107 0.707107 -1.17261e-08
-0.687976 0.601501 -0.406061
-0.910138 -0.0822425 0.406061
-0.960966 0.238677 0.139919
-0.987688 -0.156434 -4.65451e-08
-0.637147 -0.757935 -0.139919
-0.891007 -0.453991 -3.45473e-08
-0.784658 -0.46843 -0.406061
-0.203031 -0.891007 0.406061
-0.52395 -0.840178 0.139919
-0.156434 -0.987688 6.96437e-11
0.52395 -0.840178 -0.139919
0.156434 -0.987688 -6.96437e-11
0.203031 -0.891007 -0.406061
0.441708 0.156434 -0.883415
0.770218 0.0822425 -0.632456
0.554905 -0.238677 -0.79694
0.159793 0.757935 -0.632456
0.39847 0.453991 -0.79694
-0.0122828 0.46843 -0.883415
0.285273 -0.371748 -0.883415
0.316228 -0.707107 -0.632456
-0.0555203 -0.601501 -0.79694
-0.671461 0.386187 -0.632456
-0.308637 0.519258 -0.79694
-0.449299 0.133071 -0.883415
-0.574779 -0.519258 -0.632456
-0.589218 -0.133071 -0.79694
-0.265399 -0.386187 -0.883415
0.403355 0 0.915043
0.762697 0.383614 0.520705
0.197169 0.606825 0.769992
-0.129152 0.843911 0.520705
-0.516196 0.375039 0.769992
-0.842518 0.137952 0.520705
-0.516196 -0.375039 0.769992
-0.391553 -0.758652 0.520705
0.197169 -0.606825 0.769992
0.600525 -0.606825 0.520705
0.523491 -0.843911 0.117349
0.919552 -0.375039 -0.117349
0.842518 -0.137952 -0.520705
0.919552 0.375039 -0.117349
0.64084 0.758652 -0.117349
0.391553 0.758652 -0.520705
-0.0725258 0.990439 -0.117349
-0.523491 0.843911 -0.117349
-0.600525 0.606825 -0.520705
-0.964375 0.237086 -0.117349
-0.964375 -0.237086 -0.117349
-0.762697 -0.383614 -0.520705
-0.523491 -0.843911 -0.117349
-0.0725258 -0.990439 -0.117349
0.129152 -0.843911 -0.520705
0.516196 -0.375039 -0.769992
0.326321 0.237086 -0.915043
-0.124644 0.383614 -0.915043
-0.197169 -0.606825 -0.769992
-0.403355 0 -0.915043
0.824181 0 0.566326
0.392638 0.783843 0.481067
0.0426296 0.1312 0.990439
-0.624147 0.615642 0.481067
-0.111606 0.0810863 0.990439
-0.778382 -0.403355 0.481067
-0.111606 -0.0810863 0.990439
0.14308 -0.864929 0.481067
0.0426296 -0.1312 0.990439
0.866811 -0.1312 0.481067
0.709406 -0.615642 -0.343115
0.935787 -0.0810863 0.343115
0.778382 0.403355 -0.481067
0.935787 0.0810863 0.343115
0.366292 0.864929 0.343115
-0.14308 0.864929 -0.481067
0.212056 0.915043 0.343115
-0.709406 0.615642 0.343115
-0.866811 0.1312 -0.481067
-0.804729 0.484442 0.343115
-0.804729 -0.484442 0.343115
-0.392638 -0.783843 -0.481067
-0.709406 -0.615642 0.343115
0.212056 -0.915043 0.343115
0.624147 -0.615642 -0.481067
0.111606 -0.0810863 -0.990439
0.666777 0.484442 -0.566326
-0.254686 0.783843 -0.566326
-0.0426296 -0.1312 -0.990439
-0.824181 0 -0.566326
0.574779 0.519258 0.632456
0.265399 0.386187 0.883415
0.589218 0.133071 0.79694
-0.316228 0.707107 0.632456
-0.285273 0.371748 0.883415
0.0555203 0.601501 0.79694
-0.770218 -0.0822425 0.632456
-0.441708 -0.156434 0.883415
-0.554905 0.238677 0.79694
-0.159793 -0.757935 0.632456
0.0122828 -0.46843 0.883415
-0.39847 -0.453991 0.79694
0.671461 -0.386187 0.632456
0.449299 -0.133071 0.883415
0.308637 -0.519258 0.79694
0.707107 -0.707107 1.17261e-08
0.917729 -0.371748 0.139919
0.687976 -0.601501 0.406061
0.910138 0.0822425 -0.406061
0.987688 0.156434 4.65451e-08
0.960966 -0.238677 -0.139919
0.637147 0.757935 0.139919
0.784658 0.46843 0.406061
0.891007 0.453991 3.45473e-08
0.203031 0.891007 -0.406061
0.156434 0.987688 -6.96437e-11
0.52395 0.840178 -0.139919
-0.52395 0.840178 0.139919
-0.203031 0.891007 0.406061
-0.156434 0.987688 6.96437e-11
-0.784658 0.46843 -0.406061
-0.891007 0.453991 -3.45473e-08
-0.637147 0.757935 -0.139919
-0.960966 -0.238677 0.139919
-0.910138 0.0822425 0.406061
-0.987688 0.156434 -4.65451e-08
-0.687976 -0.601501 -0.406061
-0.707107 -0.707107 -1.17261e-08
-0.917729 -0.371748 -0.139919
-0.0699596 -0.987688 0.139919
-0.359465 -0.840178 0.406061
-0.45399 -0.891007 2.02114e-10
0.359465 -0.840178 -0.406061
0.45399 -0.891007 -2.02114e-10
0.0699596 -0.987688 -0.139919
0.441708 -0.156434 -0.883415
0.554905 0.238677 -0.79694
0.770218 -0.0822425 -0.632456
-0.0555203 0.601501 -0.79694
0.316228 0.707107 -0.632456
0.285273 0.371748 -0.883415
-0.0122828 -0.46843 -0.883415
0.39847 -0.453991 -0.79694
0.159793 -0.757935 -0.632456
-0.589218 0.133071 -0.79694
-0.574779 0.519258 -0.632456
-0.265399 0.386187 -0.883415
-0.308637 -0.519258 -0.79694
-0.671461 -0.386187 -0.632456
-0.449299 -0.133071 -0.883415
0.409955 0.399607 0.819909
0.506732 0.266405 0.819909
0.550012 0.399607 0.733349
-0.253366 0.513375 0.819909
-0.0967772 0.564254 0.819909
-0.210086 0.646578 0.733349
-0.566543 -0.0823236 0.819909
-0.566543 0.0823236 0.819909
-0.679852 0 0.733349
-0.0967772 -0.564254 0.819909
-0.253366 -0.513375 0.819909
-0.210086 -0.646578 0.733349
0.506732 -0.266405 0.819909
0.409955 -0.399607 0.819909
0.550012 -0.399607 0.733349
0.846658 -0.513375 0.140057
0.776629 -0.564254 0.280115
0.749881 -0.646578 0.140057
0.986715 0.0823236 -0.140057
0.986715 -0.0823236 -0.140057
0.959967 0 -0.280114
0.776629 0.564254 0.280115
0.846658 0.513375 0.140057
0.749881 0.646578 0.140057
0.226617 0.963861 -0.140057
0.383206 0.912982 -0.140057
0.296646 0.912982 -0.280114
-0.296646 0.912982 0.280114
-0.226617 0.963861 0.140057
-0.383206 0.912982 0.140057
-0.846658 0.513375 -0.140057
-0.749881 0.646578 -0.140057
-0.776629 0.564254 -0.280115
-0.959967 0 0.280114
-0.986715 0.0823236 0.140057
-0.986715 -0.0823236 0.140057
-0.749881 -0.646578 -0.140057
-0.846658 -0.513375 -0.140057
-0.776629 -0.564254 -0.280115
-0.296646 -0.912982 0.280114
-0.383206 -0.912982 0.140057
-0.226617 -0.963861 0.140057
0.383206 -0.912982 -0.140057
0.226617 -0.963861 -0.140057
0.296646 -0.912982 -0.280114
0.566543 0.0823236 -0.819909
0.679852 0 -0.733349
0.566543 -0.0823236 -0.819909
0.210086 0.646578 -0.733349
0.253366 0.513375 -0.819909
0.0967772 0.564254 -0.819909
0.253366 -0.513375 -0.819909
0.210086 -0.646578 -0.733349
0.0967772 -0.564254 -0.819909
-0.550012 0.399607 -0.733349
-0.409955 0.399607 -0.819909
-0.506732 0.266405 -0.819909
-0.550012 -0.399607 -0.733349
-0.506732 -0.266405 -0.819909
-0.409955 -0.399607 -0.819909
0.36954 0.711282 0.597928
0.341154 0.62024 0.70634
0.479201 0.62024 0.621023
0.181208 0.131655 0.974592
0.32082 0.132792 0.937785
0.225432 0.264083 0.937785
0.790663 0.131655 0.597928
0.737964 0.264083 0.621023
0.695305 0.132792 0.70634
-0.562275 0.571252 0.597928
-0.48446 0.516122 0.70634
-0.441802 0.647412 0.621023
-0.0692153 0.213023 0.974592
-0.0271543 0.346153 0.937785
-0.181495 0.296005 0.937785
0.119117 0.792649 0.597928
-0.0231141 0.783452 0.621023
0.088568 0.70231 0.70634
-0.717045 -0.358229 0.597928
-0.640567 -0.301259 0.70634
-0.75225 -0.220117 0.621023
-0.223985 0 0.974592
-0.337602 0.0811419 0.937785
-0.337602 -0.0811419 0.937785
-0.717045 0.358229 0.597928
-0.75225 0.220117 0.621023
-0.640567 0.301259 0.70634
0.119117 -0.792649 0.597928
0.088568 -0.70231 0.70634
-0.0231141 -0.783452 0.621023
-0.0692153 -0.213023 0.974592
-0.181495 -0.296005 0.937785
-0.0271543 -0.346153 0.937785
-0.562275 -0.571252 0.597928
-0.441802 -0.647412 0.621023
-0.48446 -0.516122 0.70634
0.790663 -0.131655 0.597928
0.695305 -0.132792 0.70634
0.737964 -0.264083 0.621023
0.181208 -0.131655 0.974592
0.225432 -0.264083 0.937785
0.32082 -0.132792 0.937785
0.36954 -0.711282 0.597928
0.479201 -0.62024 0.621023
0.341154 -0.62024 0.70634
0.78626 -0.571252 -0.235512
0.848427 -0.516122 -0.11743
0.753039 -0.647412 -0.11743
0.902656 -0.213023 0.373943
0.850924 -0.346153 0.395103
0.919948 -0.296005 0.257056
0.481533 -0.792649 0.373943
0.565797 -0.783452 0.257056
0.592161 -0.70231 0.395103
0.855476 0.358229 -0.373943
0.91824 0.301259 -0.257056
0.891876 0.220117 -0.395103
0.971871 0 0.235512
0.989761 -0.0811419 0.11743
0.989761 0.0811419 0.11743
0.855476 -0.358229 -0.373943
0.891876 -0.220117 -0.395103
0.91824 -0.301259 -0.257056
0.481533 0.792649 0.373943
0.592161 0.70231 0.395103
0.565797 0.783452 0.257056
0.902656 0.213023 0.373943
0.919948 0.296005 0.257056
0.850924 0.346153 0.395103
0.78626 0.571252 -0.235512
0.753039 0.647412 -0.11743
0.848427 0.516122 -0.11743
-0.0763393 0.924305 -0.373943
-0.00276234 0.966393 -0.257056
0.066261 0.916244 -0.395103
0.300325 0.924305 0.235512
0.383023 0.916244 0.11743
0.228682 0.966393 0.11743
0.605052 0.702907 -0.373943
0.484949 0.780204 -0.395103
0.570266 0.780204 -0.257056
-0.605052 0.702907 0.373943
-0.484949 0.780204 0.395103
-0.570266 0.780204 0.257056
0.0763393 0.924305 0.373943
0.00276234 0.966393 0.257056
-0.066261 0.916244 0.395103
-0.300325 0.924305 -0.235512
-0.383023 0.916244 -0.11743
-0.228682 0.966393 -0.11743
-0.902656 0.213023 -0.373943
-0.919948 0.296005 -0.257056
-0.850924 0.346153 -0.395103
-0.78626 0.571252 0.235512
-0.753039 0.647412 0.11743
-0.848427 0.516122 0.11743
-0.481533 0.792649 -0.373943
-0.592161 0.70231 -0.395103
-0.565797 0.783452 -0.257056
-0.855476 -0.358229 0.373943
-0.891876 -0.220117 0.395103
-0.91824 -0.301259 0.257056
-0.855476 0.358229 0.373943
-0.91824 0.301259 0.257056
-0.891876 0.220117 0.395103
-0.971871 0 -0.235512
-0.989761 -0.0811419 -0.11743
-0.989761 0.0811419 -0.11743
-0.481533 -0.792649 -0.373943
-0.565797 -0.783452 -0.257056
-0.592161 -0.70231 -0.395103
-0.78626 -0.571252 0.235512
-0.848427 -0.516122 0.11743
-0.753039 -0.647412 0.11743
-0.902656 -0.213023 -0.373943
-0.850924 -0.346153 -0.395103
-0.919948 -0.296005 -0.257056
0.0763393 -0.924305 0.373943
-0.066261 -0.916244 0.395103
0.00276234 -0.966393 0.257056
-0.605052 -0.702907 0.373943
-0.570266 -0.780204 0.257056
-0.484949 -0.780204 0.395103
-0.300325 -0.924305 -0.235512
-0.228682 -0.966393 -0.11743
-0.383023 -0.916244 -0.11743
0.605052 -0.702907 -0.373943
0.570266 -0.780204 -0.257056
0.484949 -0.780204 -0.395103
0.300325 -0.924305 0.235512
0.228682 -0.966393 0.11743
0.383023 -0.916244 0.11743
-0.0763393 -0.924305 -0.373943
0.066261 -0.916244 -0.395103
-0.00276234 -0.966393 -0.257056
0.223985 0 -0.974592
0.337602 0.0811419 -0.937785
0.337602 -0.0811419 -0.937785
0.717045 0.358229 -0.597928
0.75225 0.220117 -0.621023
0.640567 0.301259 -0.70634
0.717045 -0.358229 -0.597928
0.640567 -0.301259 -0.70634
0.75225 -0.220117 -0.621023
-0.119117 0.792649 -0.597928
0.0231141 0.783452 -0.621023
-0.088568 0.70231 -0.70634
0.562275 0.571252 -0.597928
0.48446 0.516122 -0.70634
0.441802 0.647412 -0.621023
0.0692153 0.213023 -0.974592
0.0271543 0.346153 -0.937785
0.181495 0.296005 -0.937785
0.0692153 -0.213023 -0.974592
0.181495 -0.296005 -0.937785
0.0271543 -0.346153 -0.937785
0.562275 -0.571252 -0.597928
0.441802 -0.647412 -0.621023
0.48446 -0.516122 -0.70634
-0.119117 -0.792649 -0.597928
-0.088568 -0.70231 -0.70634
0.0231141 -0.783452 -0.621023
-0.790663 0.131655 -0.597928
-0.737964 0.264083 -0.621023
-0.695305 0.132792 -0.70634
-0.36954 0.711282 -0.597928
-0.341154 0.62024 -0.70634
-0.479201 0.62024 -0.621023
-0.181208 0.131655 -0.974592
-0.32082 0.132792 -0.937785
-0.225432 0.264083 -0.937785
-0.36954 -0.711282 -0.597928
-0.479201 -0.62024 -0.621023
-0.341154 -0.62024 -0.70634
-0.790663 -0.131655 -0.597928
-0.695305 -0.132792 -0.70634
-0.737964 -0.264083 -0.621023
-0.181208 -0.131655 -0.974592
-0.225432 -0.264083 -0.937785
-0.32082 -0.132792 -0.937785
1280
402 403 404 
405 406 407 
408 409 410 
411 412 413 
414 415 416 
417 418 419 
420 421 422 
423 424 425 
426 427 428 
429 430 431 
432 433 434 
435 436 437 
438 439 440 
441 442 443 
444 445 446 
447 448 449 
450 451 452 
453 454 455 
456 457 458 
459 460 461 
462 463 464 
465 466 467 
468 469 470 
471 472 473 
474 475 476 
477 478 479 
480 481 482 
483 484 485 
486 487 488 
489 490 491 
492 493 494 
495 496 497 
498 499 500 
501 502 503 
504 505 506 
507 508 509 
510 511 512 
513 514 515 
516 517 518 
519 520 521 
522 523 524 
525 526 527 
528 529 530 
531 532 533 
534 535 536 
537 538 539 
540 541 542 
543 544 545 
546 547 548 
549 550 551 
552 553 554 
555 556 557 
558 559 560 
561 562 563 
564 565 566 
567 568 569 
570 571 572 
573 574 575 
576 577 578 
579 580 581 
582 583 584 
585 586 587 
588 589 590 
591 592 593 
594 595 596 
597 598 599 
600 601 602 
603 604 605 
606 607 608 
609 610 611 
612 613 614 
615 616 617 
618 619 620 
621 622 623 
624 625 626 
627 628 629 
630 631 632 
633 634 635 
636 637 638 
639 640 641 
222 343 402 
223 344 403 
224 342 404 
225 346 405 
226 347 406 
227 345 407 
228 349 408 
229 350 409 
230 348 410 
231 352 411 
232 353 412 
233 351 413 
234 355 414 
235 356 415 
236 354 416 
237 358 417 
238 359 418 
239 357 419 
240 361 420 
241 362 421 
242 360 422 
243 364 423 
244 365 424 
245 363 425 
246 367 426 
247 368 427 
248 366 428 
249 370 429 
250 371 430 
251 369 431 
252 373 432 
253 374 433 
254 372 434 
255 376 435 
256 377 436 
257 375 437 
258 379 438 
259 380 439 
260 378 440 
261 382 441 
262 383 442 
263 381 443 
264 385 444 
265 386 445 
266 384 446 
267 388 447 
268 389 448 
269 387 449 
270 391 450 
271 392 451 
272 390 452 
273 394 453 
274 395 454 
275 393 455 
276 397 456 
277 398 457 
278 396 458 
279 400 459 
280 401 460 
281 399 461 
313 164 462 
284 222 463 
342 193 464 
314 162 465 
282 223 466 
343 194 467 
312 163 468 
283 224 469 
344 192 470 
315 166 471 
286 225 472 
345 195 473 
316 314 474 
194 226 475 
346 196 476 
164 165 477 
285 227 478 
347 284 479 
317 168 480 
288 228 481 
348 197 482 
318 316 483 
196 229 484 
349 198 485 
166 167 486 
287 230 487 
350 286 488 
319 170 489 
290 231 490 
351 199 491 
320 318 492 
198 232 493 
352 200 494 
168 169 495 
289 233 496 
353 288 497 
321 312 498 
192 234 499 
354 201 500 
162 320 501 
200 235 502 
355 282 503 
170 171 504 
291 236 505 
356 290 506 
322 173 507 
293 237 508 
357 202 509 
323 321 510 
201 238 511 
358 203 512 
171 172 513 
292 239 514 
359 291 515 
324 175 516 
295 240 517 
360 204 518 
325 323 519 
203 241 520 
361 205 521 
173 174 522 
294 242 523 
362 293 524 
326 313 525 
193 243 526 
363 206 527 
163 325 528 
205 244 529 
364 283 530 
175 176 531 
296 245 532 
365 295 533 
327 178 534 
298 246 535 
366 207 536 
328 326 537 
206 247 538 
367 208 539 
176 177 540 
297 248 541 
368 296 542 
329 315 543 
195 249 544 
369 209 545 
165 328 546 
208 250 547 
370 285 548 
178 179 549 
299 251 550 
371 298 551 
330 181 552 
301 252 553 
372 210 554 
331 329 555 
209 253 556 
373 211 557 
179 180 558 
300 254 559 
374 299 560 
332 317 561 
197 255 562 
375 212 563 
167 331 564 
211 256 565 
376 287 566 
181 182 567 
302 257 568 
377 301 569 
333 184 570 
304 258 571 
378 213 572 
334 332 573 
212 259 574 
379 214 575 
182 183 576 
303 260 577 
380 302 578 
335 319 579 
199 261 580 
381 215 581 
169 334 582 
214 262 583 
382 289 584 
184 185 585 
305 263 586 
383 304 587 
336 322 588 
202 264 589 
384 216 590 
172 335 591 
215 265 592 
385 292 593 
185 186 594 
306 266 595 
386 305 596 
337 188 597 
308 267 598 
387 217 599 
338 324 600 
204 268 601 
388 218 602 
174 187 603 
307 269 604 
389 294 605 
339 327 606 
207 270 607 
390 219 608 
177 338 609 
218 271 610 
391 297 611 
188 189 612 
309 272 613 
392 308 614 
340 337 615 
217 273 616 
393 220 617 
187 336 618 
216 274 619 
394 307 620 
186 190 621 
310 275 622 
395 306 623 
341 330 624 
210 276 625 
396 221 626 
180 339 627 
219 277 628 
397 300 629 
189 191 630 
311 278 631 
398 309 632 
190 333 633 
213 279 634 
399 310 635 
183 341 636 
221 280 637 
400 303 638 
191 340 639 
220 281 640 
401 311 641 
402 103 403 
403 104 404 
404 102 402 
405 106 406 
406 107 407 
407 105 405 
408 109 409 
409 110 410 
410 108 408 
411 112 412 
412 113 413 
413 111 411 
414 115 415 
415 116 416 
416 114 414 
417 118 418 
418 119 419 
419 117 417 
420 121 421 
421 122 422 
422 120 420 
423 124 424 
424 125 425 
425 123 423 
426 127 427 
427 128 428 
428 126 426 
429 130 430 
430 131 431 
431 129 429 
432 133 433 
433 134 434 
434 132 432 
435 136 436 
436 137 437 
437 135 435 
438 139 439 
439 140 440 
440 138 438 
441 142 442 
442 143 443 
443 141 441 
444 145 445 
445 146 446 
446 144 444 
447 148 448 
448 149 449 
449 147 447 
450 151 451 
451 152 452 
452 150 450 
453 154 454 
454 155 455 
455 153 453 
456 157 457 
457 158 458 
458 156 456 
459 160 460 
460 161 461 
461 159 459 
462 44 463 
463 102 464 
464 73 462 
465 42 466 
466 103 467 
467 74 465 
468 43 469 
469 104 470 
470 72 468 
471 46 472 
472 105 473 
473 75 471 
474 74 475 
475 106 476 
476 76 474 
477 45 478 
478 107 479 
479 44 477 
480 48 481 
481 108 482 
482 77 480 
483 76 484 
484 109 485 
485 78 483 
486 47 487 
487 110 488 
488 46 486 
489 50 490 
490 111 491 
491 79 489 
492 78 493 
493 112 494 
494 80 492 
495 49 496 
496 113 497 
497 48 495 
498 72 499 
499 114 500 
500 81 498 
501 80 502 
502 115 503 
503 42 501 
504 51 505 
505 116 506 
506 50 504 
507 53 508 
508 117 509 
509 82 507 
510 81 511 
511 118 512 
512 83 510 
513 52 514 
514 119 515 
515 51 513 
516 55 517 
517 120 518 
518 84 516 
519 83 520 
520 121 521 
521 85 519 
522 54 523 
523 122 524 
524 53 522 
525 73 526 
526 123 527 
527 86 525 
528 85 529 
529 124 530 
530 43 528 
531 56 532 
532 125 533 
533 55 531 
534 58 535 
535 126 536 
536 87 534 
537 86 538 
538 127 539 
539 88 537 
540 57 541 
541 128 542 
542 56 540 
543 75 544 
544 129 545 
545 89 543 
546 88 547 
547 130 548 
548 45 546 
549 59 550 
550 131 551 
551 58 549 
552 61 553 
553 132 554 
554 90 552 
555 89 556 
556 133 557 
557 91 555 
558 60 559 
559 134 560 
560 59 558 
561 77 562 
562 135 563 
563 92 561 
564 91 565 
565 136 566 
566 47 564 
567 62 568 
568 137 569 
569 61 567 
570 64 571 
571 138 572 
572 93 570 
573 92 574 
574 139 575 
575 94 573 
576 63 577 
577 140 578 
578 62 576 
579 79 580 
580 141 581 
581 95 579 
582 94 583 
583 142 584 
584 49 582 
585 65 586 
586 143 587 
587 64 585 
588 82 589 
589 144 590 
590 96 588 
591 95 592 
592 145 593 
593 52 591 
594 66 595 
595 146 596 
596 65 594 
597 68 598 
598 147 599 
599 97 597 
600 84 601 
601 148 602 
602 98 600 
603 67 604 
604 149 605 
605 54 603 
606 87 607 
607 150 608 
608 99 606 
609 98 610 
610 151 611 
611 57 609 
612 69 613 
613 152 614 
614 68 612 
615 97 616 
616 153 617 
617 100 615 
618 96 619 
619 154 620 
620 67 618 
621 70 622 
622 155 623 
623 66 621 
624 90 625 
625 156 626 
626 101 624 
627 99 628 
628 157 629 
629 60 627 
630 71 631 
631 158 632 
632 69 630 
633 93 634 
634 159 635 
635 70 633 
636 101 637 
637 160 638 
638 63 636 
639 100 640 
640 161 641 
641 71 639 
222 14 343 
343 103 402 
402 102 222 
223 12 344 
344 104 403 
403 103 223 
224 13 342 
342 102 404 
404 104 224 
225 16 346 
346 106 405 
405 105 225 
226 14 347 
347 107 406 
406 106 226 
227 15 345 
345 105 407 
407 107 227 
228 18 349 
349 109 408 
408 108 228 
229 16 350 
350 110 409 
409 109 229 
230 17 348 
348 108 410 
410 110 230 
231 20 352 
352 112 411 
411 111 231 
232 18 353 
353 113 412 
412 112 232 
233 19 351 
351 111 413 
413 113 233 
234 12 355 
355 115 414 
414 114 234 
235 20 356 
356 116 415 
415 115 235 
236 21 354 
354 114 416 
416 116 236 
237 23 358 
358 118 417 
417 117 237 
238 21 359 
359 119 418 
418 118 238 
239 22 357 
357 117 419 
419 119 239 
240 25 361 
361 121 420 
420 120 240 
241 23 362 
362 122 421 
421 121 241 
242 24 360 
360 120 422 
422 122 242 
243 13 364 
364 124 423 
423 123 243 
244 25 365 
365 125 424 
424 124 244 
245 26 363 
363 123 425 
425 125 245 
246 28 367 
367 127 426 
426 126 246 
247 26 368 
368 128 427 
427 127 247 
248 27 366 
366 126 428 
428 128 248 
249 15 370 
370 130 429 
429 129 249 
250 28 371 
371 131 430 
430 130 250 
251 29 369 
369 129 431 
431 131 251 
252 31 373 
373 133 432 
432 132 252 
253 29 374 
374 134 433 
433 133 253 
254 30 372 
372 132 434 
434 134 254 
255 17 376 
376 136 435 
435 135 255 
256 31 377 
377 137 436 
436 136 256 
257 32 375 
375 135 437 
437 137 257 
258 34 379 
379 139 438 
438 138 258 
259 32 380 
380 140 439 
439 139 259 
260 33 378 
378 138 440 
440 140 260 
261 19 382 
382 142 441 
441 141 261 
262 34 383 
383 143 442 
442 142 262 
263 35 381 
381 141 443 
443 143 263 
264 22 385 
385 145 444 
444 144 264 
265 35 386 
386 146 445 
445 145 265 
266 36 384 
384 144 446 
446 146 266 
267 38 388 
388 148 447 
447 147 267 
268 24 389 
389 149 448 
448 148 268 
269 37 387 
387 147 449 
449 149 269 
270 27 391 
391 151 450 
450 150 270 
271 38 392 
392 152 451 
451 151 271 
272 39 390 
390 150 452 
452 152 272 
273 37 394 
394 154 453 
453 153 273 
274 36 395 
395 155 454 
454 154 274 
275 40 393 
393 153 455 
455 155 275 
276 30 397 
397 157 456 
456 156 276 
277 39 398 
398 158 457 
457 157 277 
278 41 396 
396 156 458 
458 158 278 
279 33 400 
400 160 459 
459 159 279 
280 41 401 
401 161 460 
460 160 280 
281 40 399 
399 159 461 
461 161 281 
313 2 164 
164 44 462 
462 73 313 
284 14 222 
222 102 463 
463 44 284 
342 13 193 
193 73 464 
464 102 342 
314 0 162 
162 42 465 
465 74 314 
282 12 223 
223 103 466 
466 42 282 
343 14 194 
194 74 467 
467 103 343 
312 1 163 
163 43 468 
468 72 312 
283 13 224 
224 104 469 
469 43 283 
344 12 192 
192 72 470 
470 104 344 
315 3 166 
166 46 471 
471 75 315 
286 16 225 
225 105 472 
472 46 286 
345 15 195 
195 75 473 
473 105 345 
316 0 314 
314 74 474 
474 76 316 
194 14 226 
226 106 475 
475 74 194 
346 16 196 
196 76 476 
476 106 346 
164 2 165 
165 45 477 
477 44 164 
285 15 227 
227 107 478 
478 45 285 
347 14 284 
284 44 479 
479 107 347 
317 4 168 
168 48 480 
480 77 317 
288 18 228 
228 108 481 
481 48 288 
348 17 197 
197 77 482 
482 108 348 
318 0 316 
316 76 483 
483 78 318 
196 16 229 
229 109 484 
484 76 196 
349 18 198 
198 78 485 
485 109 349 
166 3 167 
167 47 486 
486 46 166 
287 17 230 
230 110 487 
487 47 287 
350 16 286 
286 46 488 
488 110 350 
319 5 170 
170 50 489 
489 79 319 
290 20 231 
231 111 490 
490 50 290 
351 19 199 
199 79 491 
491 111 351 
320 0 318 
318 78 492 
492 80 320 
198 18 232 
232 112 493 
493 78 198 
352 20 200 
200 80 494 
494 112 352 
168 4 169 
169 49 495 
495 48 168 
289 19 233 
233 113 496 
496 49 289 
353 18 288 
288 48 497 
497 113 353 
321 1 312 
312 72 498 
498 81 321 
192 12 234 
234 114 499 
499 72 192 
354 21 201 
201 81 500 
500 114 354 
162 0 320 
320 80 501 
501 42 162 
200 20 235 
235 115 502 
502 80 200 
355 12 282 
282 42 503 
503 115 355 
170 5 171 
171 51 504 
504 50 170 
291 21 236 
236 116 505 
505 51 291 
356 20 290 
290 50 506 
506 116 356 
322 7 173 
173 53 507 
507 82 322 
293 23 237 
237 117 508 
508 53 293 
357 22 202 
202 82 509 
509 117 357 
323 1 321 
321 81 510 
510 83 323 
201 21 238 
238 118 511 
511 81 201 
358 23 203 
203 83 512 
512 118 358 
171 5 172 
172 52 513 
513 51 171 
292 22 239 
239 119 514 
514 52 292 
359 21 291 
291 51 515 
515 119 359 
324 6 175 
175 55 516 
516 84 324 
295 25 240 
240 120 517 
517 55 295 
360 24 204 
204 84 518 
518 120 360 
325 1 323 
323 83 519 
519 85 325 
203 23 241 
241 121 520 
520 83 203 
361 25 205 
205 85 521 
521 121 361 
173 7 174 
174 54 522 
522 53 173 
294 24 242 
242 122 523 
523 54 294 
362 23 293 
293 53 524 
524 122 362 
326 2 313 
313 73 525 
525 86 326 
193 13 243 
243 123 526 
526 73 193 
363 26 206 
206 86 527 
527 123 363 
163 1 325 
325 85 528 
528 43 163 
205 25 244 
244 124 529 
529 85 205 
364 13 283 
283 43 530 
530 124 364 
175 6 176 
176 56 531 
531 55 175 
296 26 245 
245 125 532 
532 56 296 
365 25 295 
295 55 533 
533 125 365 
327 8 178 
178 58 534 
534 87 327 
298 28 246 
246 126 535 
535 58 298 
366 27 207 
207 87 536 
536 126 366 
328 2 326 
326 86 537 
537 88 328 
206 26 247 
247 127 538 
538 86 206 
367 28 208 
208 88 539 
539 127 367 
176 6 177 
177 57 540 
540 56 176 
297 27 248 
248 128 541 
541 57 297 
368 26 296 
296 56 542 
542 128 368 
329 3 315 
315 75 543 
543 89 329 
195 15 249 
249 129 544 
544 75 195 
369 29 209 
209 89 545 
545 129 369 
165 2 328 
328 88 546 
546 45 165 
208 28 250 
250 130 547 
547 88 208 
370 15 285 
285 45 548 
548 130 370 
178 8 179 
179 59 549 
549 58 178 
299 29 251 
251 131 550 
550 59 299 
371 28 298 
298 58 551 
551 131 371 
330 9 181 
181 61 552 
552 90 330 
301 31 252 
252 132 553 
553 61 301 
372 30 210 
210 90 554 
554 132 372 
331 3 329 
329 89 555 
555 91 331 
209 29 253 
253 133 556 
556 89 209 
373 31 211 
211 91 557 
557 133 373 
179 8 180 
180 60 558 
558 59 179 
300 30 254 
254 134 559 
559 60 300 
374 29 299 
299 59 560 
560 134 374 
332 4 317 
317 77 561 
561 92 332 
197 17 255 
255 135 562 
562 77 197 
375 32 212 
212 92 563 
563 135 375 
167 3 331 
331 91 564 
564 47 167 
211 31 256 
256 136 565 
565 91 211 
376 17 287 
287 47 566 
566 136 376 
181 9 182 
182 62 567 
567 61 181 
302 32 257 
257 137 568 
568 62 302 
377 31 301 
301 61 569 
569 137 377 
333 10 184 
184 64 570 
570 93 333 
304 34 258 
258 138 571 
571 64 304 
378 33 213 
213 93 572 
572 138 378 
334 4 332 
332 92 573 
573 94 334 
212 32 259 
259 139 574 
574 92 212 
379 34 214 
214 94 575 
575 139 379 
182 9 183 
183 63 576 
576 62 182 
303 33 260 
260 140 577 
577 63 303 
380 32 302 
302 62 578 
578 140 380 
335 5 319 
319 79 579 
579 95 335 
199 19 261 
261 141 580 
580 79 199 
381 35 215 
215 95 581 
581 141 381 
169 4 334 
334 94 582 
582 49 169 
214 34 262 
262 142 583 
583 94 214 
382 19 289 
289 49 584 
584 142 382 
184 10 185 
185 65 585 
585 64 184 
305 35 263 
263 143 586 
586 65 305 
383 34 304 
304 64 587 
587 143 383 
336 7 322 
322 82 588 
588 96 336 
202 22 264 
264 144 589 
589 82 202 
384 36 216 
216 96 590 
590 144 384 
172 5 335 
335 95 591 
591 52 172 
215 35 265 
265 145 592 
592 95 215 
385 22 292 
292 52 593 
593 145 385 
185 10 186 
186 66 594 
594 65 185 
306 36 266 
266 146 595 
595 66 306 
386 35 305 
305 65 596 
596 146 386 
337 11 188 
188 68 597 
597 97 337 
308 38 267 
267 147 598 
598 68 308 
387 37 217 
217 97 599 
599 147 387 
338 6 324 
324 84 600 
600 98 338 
204 24 268 
268 148 601 
601 84 204 
388 38 218 
218 98 602 
602 148 388 
174 7 187 
187 67 603 
603 54 174 
307 37 269 
269 149 604 
604 67 307 
389 24 294 
294 54 605 
605 149 389 
339 8 327 
327 87 606 
606 99 339 
207 27 270 
270 150 607 
607 87 207 
390 39 219 
219 99 608 
608 150 390 
177 6 338 
338 98 609 
609 57 177 
218 38 271 
271 151 610 
610 98 218 
391 27 297 
297 57 611 
611 151 391 
188 11 189 
189 69 612 
612 68 188 
309 39 272 
272 152 613 
613 69 309 
392 38 308 
308 68 614 
614 152 392 
340 11 337 
337 97 615 
615 100 340 
217 37 273 
273 153 616 
616 97 217 
393 40 220 
220 100 617 
617 153 393 
187 7 336 
336 96 618 
618 67 187 
216 36 274 
274 154 619 
619 96 216 
394 37 307 
307 67 620 
620 154 394 
186 10 190 
190 70 621 
621 66 186 
310 40 275 
275 155 622 
622 70 310 
395 36 306 
306 66 623 
623 155 395 
341 9 330 
330 90 624 
624 101 341 
210 30 276 
276 156 625 
625 90 210 
396 41 221 
221 101 626 
626 156 396 
180 8 339 
339 99 627 
627 60 180 
219 39 277 
277 157 628 
628 99 219 
397 30 300 
300 60 629 
629 157 397 
189 11 191 
191 71 630 
630 69 189 
311 41 278 
278 158 631 
631 71 311 
398 39 309 
309 69 632 
632 158 398 
190 10 333 
333 93 633 
633 70 190 
213 33 279 
279 159 634 
634 93 213 
399 40 310 
310 70 635 
635 159 399 
183 9 341 
341 101 636 
636 63 183 
221 41 280 
280 160 637 
637 101 221 
400 33 303 
303 63 638 
638 160 400 
191 11 340 
340 100 639 
639 71 191 
220 40 281 
281 161 640 
640 100 220 
401 41 311 
311 71 641 
641 161 401 
